         1         1         6         6  0.50000000
         1         2         6         2  0.00000000
         1         3         6         1  0.00000000
         1         4         6         8  0.00000000
         1         5         6         3  0.00000000
         1         6         6         5  0.00000000
         1         7         6        11  0.00000000
         1         8         6         7  0.00000000
         1         9         6        19  0.25000000
         1        10         6        36  0.37500000
         1        11         6        38  0.00000000
         1        12         6        26  0.00000000
         1        13         6        12  0.00000000
         1        14         6       103  0.18750000
         1        15         6       125  0.00000000
         1        16         6        16  0.00000000
         1        17         6       120  0.00000000
         1        18         6        45  0.00000000
         1        19         6        53  0.00000000
         1        20         6       132  0.00000000
         2         1         2         6  0.00000000
         2         2         2         2  0.50000000
         2         3         2         1  0.00000000
         2         4         2         8  0.00000000
         2         5         2         3  0.00000000
         2         6         2         5  0.00000000
         2         7         2        11  0.25000000
         2         8         2         7  0.25000000
         2         9         2        19  0.12500000
         2        10         2        36  0.06250000
         2        11         2        38  0.12500000
         2        12         2        26  0.00000000
         2        13         2        12  0.00000000
         2        14         2       103  0.03125000
         2        15         2       125  0.00000000
         2        16         2        16  0.00000000
         2        17         2       120  0.00000000
         2        18         2        45  0.00000000
         2        19         2        53  0.00000000
         2        20         2       132  0.00000000
         3         1         1         6  0.00000000
         3         2         1         2  0.00000000
         3         3         1         1  0.50000000
         3         4         1         8  0.00000000
         3         5         1         3  0.00000000
         3         6         1         5  0.00000000
         3         7         1        11  0.25000000
         3         8         1         7  0.25000000
         3         9         1        19  0.12500000
         3        10         1        36  0.06250000
         3        11         1        38  0.12500000
         3        12         1        26  0.25000000
         3        13         1        12  0.00000000
         3        14         1       103  0.15625000
         3        15         1       125  0.12500000
         3        16         1        16  0.00000000
         3        17         1       120  0.12500000
         3        18         1        45  0.12500000
         3        19         1        53  0.12500000
         3        20         1       132  0.12500000
         4         1         8         6  0.00000000
         4         2         8         2  0.00000000
         4         3         8         1  0.00000000
         4         4         8         8  0.50000000
         4         5         8         3  0.00000000
         4         6         8         5  0.00000000
         4         7         8        11  0.00000000
         4         8         8         7  0.00000000
         4         9         8        19  0.00000000
         4        10         8        36  0.00000000
         4        11         8        38  0.00000000
         4        12         8        26  0.25000000
         4        13         8        12  0.00000000
         4        14         8       103  0.12500000
         4        15         8       125  0.12500000
         4        16         8        16  0.00000000
         4        17         8       120  0.12500000
         4        18         8        45  0.12500000
         4        19         8        53  0.12500000
         4        20         8       132  0.12500000
         5         1         3         6  0.00000000
         5         2         3         2  0.00000000
         5         3         3         1  0.00000000
         5         4         3         8  0.00000000
         5         5         3         3  0.50000000
         5         6         3         5  0.00000000
         5         7         3        11  0.00000000
         5         8         3         7  0.00000000
         5         9         3        19  0.00000000
         5        10         3        36  0.00000000
         5        11         3        38  0.25000000
         5        12         3        26  0.00000000
         5        13         3        12  0.25000000
         5        14         3       103  0.00000000
         5        15         3       125  0.00000000
         5        16         3        16  0.25000000
         5        17         3       120  0.12500000
         5        18         3        45  0.12500000
         5        19         3        53  0.12500000
         5        20         3       132  0.12500000
         6         1         5         6  0.00000000
         6         2         5         2  0.00000000
         6         3         5         1  0.00000000
         6         4         5         8  0.00000000
         6         5         5         3  0.00000000
         6         6         5         5  0.50000000
         6         7         5        11  0.00000000
         6         8         5         7  0.00000000
         6         9         5        19  0.00000000
         6        10         5        36  0.00000000
         6        11         5        38  0.00000000
         6        12         5        26  0.00000000
         6        13         5        12  0.25000000
         6        14         5       103  0.00000000
         6        15         5       125  0.00000000
         6        16         5        16  0.25000000
         6        17         5       120  0.12500000
         6        18         5        45  0.12500000
         6        19         5        53  0.12500000
         6        20         5       132  0.12500000
         7         1        11         6  0.00000000
         7         2        11         2  0.25000000
         7         3        11         1  0.25000000
         7         4        11         8  0.00000000
         7         5        11         3  0.00000000
         7         6        11         5  0.00000000
         7         7        11        11  0.50000000
         7         8        11         7  0.25000000
         7         9        11        19  0.25000000
         7        10        11        36  0.12500000
         7        11        11        38  0.12500000
         7        12        11        26  0.12500000
         7        13        11        12  0.00000000
         7        14        11       103  0.12500000
         7        15        11       125  0.06250000
         7        16        11        16  0.00000000
         7        17        11       120  0.06250000
         7        18        11        45  0.06250000
         7        19        11        53  0.06250000
         7        20        11       132  0.06250000
         8         1         7         6  0.00000000
         8         2         7         2  0.25000000
         8         3         7         1  0.25000000
         8         4         7         8  0.00000000
         8         5         7         3  0.00000000
         8         6         7         5  0.00000000
         8         7         7        11  0.25000000
         8         8         7         7  0.50000000
         8         9         7        19  0.12500000
         8        10         7        36  0.06250000
         8        11         7        38  0.25000000
         8        12         7        26  0.12500000
         8        13         7        12  0.00000000
         8        14         7       103  0.09375000
         8        15         7       125  0.06250000
         8        16         7        16  0.00000000
         8        17         7       120  0.06250000
         8        18         7        45  0.06250000
         8        19         7        53  0.06250000
         8        20         7       132  0.06250000
         9         1        19         6  0.25000000
         9         2        19         2  0.12500000
         9         3        19         1  0.12500000
         9         4        19         8  0.00000000
         9         5        19         3  0.00000000
         9         6        19         5  0.00000000
         9         7        19        11  0.25000000
         9         8        19         7  0.12500000
         9         9        19        19  0.50000000
         9        10        19        36  0.37500000
         9        11        19        38  0.06250000
         9        12        19        26  0.06250000
         9        13        19        12  0.00000000
         9        14        19       103  0.21875000
         9        15        19       125  0.03125000
         9        16        19        16  0.00000000
         9        17        19       120  0.03125000
         9        18        19        45  0.03125000
         9        19        19        53  0.03125000
         9        20        19       132  0.03125000
        10         1        36         6  0.37500000
        10         2        36         2  0.06250000
        10         3        36         1  0.06250000
        10         4        36         8  0.00000000
        10         5        36         3  0.00000000
        10         6        36         5  0.00000000
        10         7        36        11  0.12500000
        10         8        36         7  0.06250000
        10         9        36        19  0.37500000
        10        10        36        36  0.62500000
        10        11        36        38  0.03125000
        10        12        36        26  0.03125000
        10        13        36        12  0.00000000
        10        14        36       103  0.32812500
        10        15        36       125  0.01562500
        10        16        36        16  0.00000000
        10        17        36       120  0.01562500
        10        18        36        45  0.01562500
        10        19        36        53  0.01562500
        10        20        36       132  0.01562500
        11         1        38         6  0.00000000
        11         2        38         2  0.12500000
        11         3        38         1  0.12500000
        11         4        38         8  0.00000000
        11         5        38         3  0.25000000
        11         6        38         5  0.00000000
        11         7        38        11  0.12500000
        11         8        38         7  0.25000000
        11         9        38        19  0.06250000
        11        10        38        36  0.03125000
        11        11        38        38  0.50000000
        11        12        38        26  0.06250000
        11        13        38        12  0.12500000
        11        14        38       103  0.04687500
        11        15        38       125  0.03125000
        11        16        38        16  0.12500000
        11        17        38       120  0.09375000
        11        18        38        45  0.09375000
        11        19        38        53  0.09375000
        11        20        38       132  0.09375000
        12         1        26         6  0.00000000
        12         2        26         2  0.00000000
        12         3        26         1  0.25000000
        12         4        26         8  0.25000000
        12         5        26         3  0.00000000
        12         6        26         5  0.00000000
        12         7        26        11  0.12500000
        12         8        26         7  0.12500000
        12         9        26        19  0.06250000
        12        10        26        36  0.03125000
        12        11        26        38  0.06250000
        12        12        26        26  0.50000000
        12        13        26        12  0.00000000
        12        14        26       103  0.26562500
        12        15        26       125  0.25000000
        12        16        26        16  0.00000000
        12        17        26       120  0.25000000
        12        18        26        45  0.25000000
        12        19        26        53  0.25000000
        12        20        26       132  0.25000000
        13         1        12         6  0.00000000
        13         2        12         2  0.00000000
        13         3        12         1  0.00000000
        13         4        12         8  0.00000000
        13         5        12         3  0.25000000
        13         6        12         5  0.25000000
        13         7        12        11  0.00000000
        13         8        12         7  0.00000000
        13         9        12        19  0.00000000
        13        10        12        36  0.00000000
        13        11        12        38  0.12500000
        13        12        12        26  0.00000000
        13        13        12        12  0.50000000
        13        14        12       103  0.00000000
        13        15        12       125  0.00000000
        13        16        12        16  0.25000000
        13        17        12       120  0.12500000
        13        18        12        45  0.12500000
        13        19        12        53  0.25000000
        13        20        12       132  0.18750000
        14         1       103         6  0.18750000
        14         2       103         2  0.03125000
        14         3       103         1  0.15625000
        14         4       103         8  0.12500000
        14         5       103         3  0.00000000
        14         6       103         5  0.00000000
        14         7       103        11  0.12500000
        14         8       103         7  0.09375000
        14         9       103        19  0.21875000
        14        10       103        36  0.32812500
        14        11       103        38  0.04687500
        14        12       103        26  0.26562500
        14        13       103        12  0.00000000
        14        14       103       103  0.51562500
        14        15       103       125  0.13281250
        14        16       103        16  0.00000000
        14        17       103       120  0.13281250
        14        18       103        45  0.13281250
        14        19       103        53  0.13281250
        14        20       103       132  0.13281250
        15         1       125         6  0.00000000
        15         2       125         2  0.00000000
        15         3       125         1  0.12500000
        15         4       125         8  0.12500000
        15         5       125         3  0.00000000
        15         6       125         5  0.00000000
        15         7       125        11  0.06250000
        15         8       125         7  0.06250000
        15         9       125        19  0.03125000
        15        10       125        36  0.01562500
        15        11       125        38  0.03125000
        15        12       125        26  0.25000000
        15        13       125        12  0.00000000
        15        14       125       103  0.13281250
        15        15       125       125  0.50000000
        15        16       125        16  0.00000000
        15        17       125       120  0.12500000
        15        18       125        45  0.12500000
        15        19       125        53  0.12500000
        15        20       125       132  0.12500000
        16         1        16         6  0.00000000
        16         2        16         2  0.00000000
        16         3        16         1  0.00000000
        16         4        16         8  0.00000000
        16         5        16         3  0.25000000
        16         6        16         5  0.25000000
        16         7        16        11  0.00000000
        16         8        16         7  0.00000000
        16         9        16        19  0.00000000
        16        10        16        36  0.00000000
        16        11        16        38  0.12500000
        16        12        16        26  0.00000000
        16        13        16        12  0.25000000
        16        14        16       103  0.00000000
        16        15        16       125  0.00000000
        16        16        16        16  0.50000000
        16        17        16       120  0.25000000
        16        18        16        45  0.25000000
        16        19        16        53  0.12500000
        16        20        16       132  0.18750000
        17         1       120         6  0.00000000
        17         2       120         2  0.00000000
        17         3       120         1  0.12500000
        17         4       120         8  0.12500000
        17         5       120         3  0.12500000
        17         6       120         5  0.12500000
        17         7       120        11  0.06250000
        17         8       120         7  0.06250000
        17         9       120        19  0.03125000
        17        10       120        36  0.01562500
        17        11       120        38  0.09375000
        17        12       120        26  0.25000000
        17        13       120        12  0.12500000
        17        14       120       103  0.13281250
        17        15       120       125  0.12500000
        17        16       120        16  0.25000000
        17        17       120       120  0.50000000
        17        18       120        45  0.25000000
        17        19       120        53  0.18750000
        17        20       120       132  0.21875000
        18         1        45         6  0.00000000
        18         2        45         2  0.00000000
        18         3        45         1  0.12500000
        18         4        45         8  0.12500000
        18         5        45         3  0.12500000
        18         6        45         5  0.12500000
        18         7        45        11  0.06250000
        18         8        45         7  0.06250000
        18         9        45        19  0.03125000
        18        10        45        36  0.01562500
        18        11        45        38  0.09375000
        18        12        45        26  0.25000000
        18        13        45        12  0.12500000
        18        14        45       103  0.13281250
        18        15        45       125  0.12500000
        18        16        45        16  0.25000000
        18        17        45       120  0.25000000
        18        18        45        45  0.50000000
        18        19        45        53  0.18750000
        18        20        45       132  0.34375000
        19         1        53         6  0.00000000
        19         2        53         2  0.00000000
        19         3        53         1  0.12500000
        19         4        53         8  0.12500000
        19         5        53         3  0.12500000
        19         6        53         5  0.12500000
        19         7        53        11  0.06250000
        19         8        53         7  0.06250000
        19         9        53        19  0.03125000
        19        10        53        36  0.01562500
        19        11        53        38  0.09375000
        19        12        53        26  0.25000000
        19        13        53        12  0.25000000
        19        14        53       103  0.13281250
        19        15        53       125  0.12500000
        19        16        53        16  0.12500000
        19        17        53       120  0.18750000
        19        18        53        45  0.18750000
        19        19        53        53  0.50000000
        19        20        53       132  0.34375000
        20         1       132         6  0.00000000
        20         2       132         2  0.00000000
        20         3       132         1  0.12500000
        20         4       132         8  0.12500000
        20         5       132         3  0.12500000
        20         6       132         5  0.12500000
        20         7       132        11  0.06250000
        20         8       132         7  0.06250000
        20         9       132        19  0.03125000
        20        10       132        36  0.01562500
        20        11       132        38  0.09375000
        20        12       132        26  0.25000000
        20        13       132        12  0.18750000
        20        14       132       103  0.13281250
        20        15       132       125  0.12500000
        20        16       132        16  0.18750000
        20        17       132       120  0.21875000
        20        18       132        45  0.34375000
        20        19       132        53  0.34375000
        20        20       132       132  0.59375000
